0.10899999999999999 1674484464444.4
0.10699999999999998 1674484465460.9
0.10500000000000001 1674484466478.1
0.10300000000000001 1674484467495.3
0.101 1674484468512.9
0.09899999999999999 1674484469529.8
0.09699999999999999 1674484470547.0
0.09499999999999999 1674484471564.8
0.09399999999999999 1674484472582.6
0.09299999999999999 1674484473600.3
0.09199999999999998 1674484474618.3
0.09099999999999998 1674484475636.0
0.08999999999999998 1674484476652.9
0.08899999999999998 1674484477669.7
0.08799999999999998 1674484478686.4
0.08599999999999998 1674484480720.8
0.08499999999999998 1674484481737.5
0.08399999999999999 1674484482753.7
0.08299999999999999 1674484483769.8
0.08199999999999999 1674484484785.2
0.08099999999999999 1674484485800.5
0.07999999999999999 1674484486816.0
0.07999999999999999 1674484487831.4
0.07999999999999999 1674484488847.2
0.07999999999999999 1674484489863.0
0.07999999999999999 1674484490878.7
0.07999999999999999 1674484491894.2
0.07999999999999999 1674484492909.6
0.07999999999999999 1674484493924.9
0.07999999999999999 1674484494940.4
0.07999999999999999 1674484495956.1
0.07999999999999999 1674484496971.9
0.07999999999999999 1674484497987.6
0.07999999999999999 1674484499003.3
0.07999999999999999 1674484500018.8
0.07999999999999999 1674484501035.4
0.07999999999999999 1674484502052.6
0.07999999999999999 1674484503069.7
0.07999999999999999 1674484504087.5
0.07999999999999999 1674484505105.2
0.07999999999999999 1674484506123.6
0.079 1674484507141.8
0.078 1674484508160.1
0.07700000000000003 1674484509178.2
0.07600000000000003 1674484510196.3
0.07500000000000002 1674484511213.4
0.07400000000000002 1674484512230.0
0.07300000000000002 1674484513246.8
0.07200000000000002 1674484514263.3
0.07100000000000002 1674484515280.7
0.07000000000000002 1674484516297.6
0.07000000000000002 1674484517314.4
0.07000000000000002 1674484518331.5
0.07000000000000002 1674484519348.7
0.07000000000000002 1674484520366.0
0.07000000000000002 1674484521383.3
0.07000000000000002 1674484522400.8
0.07000000000000002 1674484523418.6
0.07000000000000002 1674484524436.3
0.07000000000000002 1674484525453.4
0.07000000000000002 1674484526470.5
0.07000000000000002 1674484527488.3
0.07000000000000002 1674484528507.5
0.07000000000000002 1674484529526.4
0.07000000000000002 1674484530545.1
0.07000000000000002 1674484531564.0
0.07000000000000002 1674484532582.9
0.07000000000000002 1674484533601.9
0.07000000000000002 1674484534620.9
0.07000000000000002 1674484535639.7
0.07000000000000002 1674484536658.1
0.07000000000000002 1674484537675.9
0.07000000000000002 1674484538692.1
0.07000000000000002 1674484539708.4
0.07000000000000002 1674484540725.3
0.07000000000000002 1674484541741.8
0.07000000000000002 1674484542758.8
0.07000000000000002 1674484543775.7
0.07000000000000002 1674484544792.2
0.07000000000000002 1674484545808.5
0.07000000000000002 1674484546825.3
0.07000000000000002 1674484547842.5
0.07000000000000002 1674484548859.7
0.07000000000000002 1674484549877.3
0.07000000000000002 1674484550894.4
0.07000000000000002 1674484551911.5
0.07000000000000002 1674484552928.1
0.07000000000000002 1674484553944.9
0.07000000000000002 1674484554961.9
0.07000000000000002 1674484555979.2
0.07000000000000002 1674484556996.6
0.07000000000000002 1674484558013.6
0.07000000000000002 1674484559030.7
0.07000000000000002 1674484560047.4
0.07000000000000002 1674484561064.1
0.07000000000000002 1674484562080.7
0.07000000000000002 1674484563097.5
0.07000000000000002 1674484564114.2
0.07000000000000002 1674484565130.9
0.07000000000000002 1674484566147.5
0.07000000000000002 1674484567163.5
