0.019999999999999997 1674482674195.8
0.019999999999999997 1674482675211.0
0.019999999999999997 1674482676226.0
0.019999999999999997 1674482677241.1
0.019999999999999997 1674482678256.0
0.019999999999999997 1674482679270.9
0.019999999999999997 1674482680285.8
0.019999999999999997 1674482681301.2
0.019999999999999997 1674482682316.8
0.019999999999999997 1674482683333.4
0.019999999999999997 1674482684349.7
0.019999999999999997 1674482685366.0
0.019999999999999997 1674482686382.0
0.019999999999999997 1674482687397.7
0.019999999999999997 1674482688413.4
0.019999999999999997 1674482689429.3
0.019999999999999997 1674482690445.6
0.019999999999999997 1674482691461.8
0.019999999999999997 1674482692477.9
0.019999999999999997 1674482693492.9
0.019999999999999997 1674482694508.2
0.019999999999999997 1674482695524.4
0.019999999999999997 1674482696540.8
0.019999999999999997 1674482697557.8
0.019999999999999997 1674482698574.7
0.019999999999999997 1674482699591.0
0.019999999999999997 1674482700607.2
0.019999999999999997 1674482701623.0
0.019999999999999997 1674482702638.5
0.019999999999999997 1674482703654.1
0.019999999999999997 1674482704669.8
0.019999999999999997 1674482705684.5
0.019999999999999997 1674482706699.1
0.019999999999999997 1674482707713.1
0.019999999999999997 1674482708727.3
0.019999999999999997 1674482709741.6
0.022 1674482710755.9
0.024 1674482711770.6
0.026000000000000002 1674482712785.0
0.028000000000000004 1674482713799.9
0.03 1674482714814.6
0.034 1674482715829.6
0.038 1674482716844.6
0.042 1674482717859.7
0.046 1674482718874.8
0.05 1674482719890.3
0.051000000000000004 1674482720905.5
0.052000000000000005 1674482721920.5
0.053000000000000005 1674482722935.9
0.054000000000000006 1674482723950.8
0.05499999999999999 1674482724965.7
0.05399999999999999 1674482725980.2
0.05299999999999999 1674482726994.6
0.05199999999999999 1674482728008.9
0.051000000000000004 1674482729022.9
0.048999999999999995 1674482731050.1
0.047999999999999994 1674482732063.6
0.04699999999999999 1674482733077.0
0.04599999999999999 1674482734090.7
0.04499999999999999 1674482735104.4
0.044 1674482736119.3
0.043 1674482737134.3
0.041999999999999996 1674482738149.7
0.040999999999999995 1674482739165.8
0.039999999999999994 1674482740182.2
0.039999999999999994 1674482741198.8
0.039999999999999994 1674482742215.4
0.039999999999999994 1674482743232.0
0.039999999999999994 1674482744247.9
0.039999999999999994 1674482745263.8
0.039999999999999994 1674482746278.7
0.039999999999999994 1674482747293.5
0.039999999999999994 1674482748308.4
0.039999999999999994 1674482749323.1
0.039999999999999994 1674482750337.9
0.039 1674482751352.8
0.038 1674482752368.1
0.03700000000000001 1674482753383.4
0.03600000000000001 1674482754398.8
0.03500000000000001 1674482755414.7
0.038000000000000006 1674482756430.9
0.041 1674482757447.2
0.044000000000000004 1674482758463.2
0.047 1674482759479.1
0.05 1674482760494.7
0.053000000000000005 1674482761510.1
0.05600000000000001 1674482762525.1
0.05900000000000001 1674482763540.3
0.06200000000000001 1674482764555.6
0.06500000000000002 1674482765570.6
0.06400000000000002 1674482766585.4
0.06300000000000001 1674482767599.9
0.06200000000000001 1674482768614.5
0.06100000000000001 1674482769628.9
0.05900000000000001 1674482770643.9
0.05800000000000001 1674482771658.9
0.05700000000000001 1674482772674.2
0.05600000000000001 1674482773689.2
0.05499999999999999 1674482774704.3
0.05399999999999999 1674482775719.1
0.05299999999999999 1674482776733.8
