0.009999999999999998 1674483940891.0
0.009999999999999998 1674483941909.6
0.009999999999999998 1674483942928.1
0.009999999999999998 1674483943946.5
0.009999999999999998 1674483944964.2
0.009999999999999998 1674483945981.3
0.009999999999999998 1674483946998.0
0.009999999999999998 1674483948014.9
0.009999999999999998 1674483949031.8
0.009999999999999998 1674483950048.6
0.009999999999999998 1674483951065.0
0.009999999999999998 1674483952081.3
0.009999999999999998 1674483953097.7
0.009999999999999998 1674483954113.7
0.009999999999999998 1674483955129.5
0.009999999999999998 1674483956145.7
0.009999999999999998 1674483957162.3
0.009999999999999998 1674483958178.6
0.009999999999999998 1674483959194.9
0.009999999999999998 1674483960211.3
0.009999999999999998 1674483961227.8
0.009999999999999998 1674483962243.9
0.009999999999999998 1674483963259.9
0.009999999999999998 1674483964276.0
0.009999999999999998 1674483965292.2
0.009999999999999998 1674483967324.2
0.009999999999999998 1674483968340.2
0.009999999999999998 1674483969355.9
0.009999999999999998 1674483970371.8
0.009999999999999998 1674483971387.6
0.009999999999999998 1674483972403.9
0.009999999999999998 1674483973420.3
0.009999999999999998 1674483974436.8
0.009999999999999998 1674483975453.5
0.009999999999999998 1674483976470.4
0.009999999999999998 1674483977487.5
0.009999999999999998 1674483978504.4
0.009999999999999998 1674483979521.3
0.009999999999999998 1674483980537.8
0.009999999999999998 1674483981554.0
0.009999999999999998 1674483982569.6
0.009999999999999998 1674483983585.3
0.009999999999999998 1674483984601.2
0.009999999999999998 1674483985617.0
0.009999999999999998 1674483986632.7
0.009999999999999998 1674483987648.2
0.009999999999999998 1674483988663.9
0.009999999999999998 1674483989679.7
0.009999999999999998 1674483990695.6
0.009999999999999998 1674483991711.7
0.009999999999999998 1674483992727.9
0.009999999999999998 1674483993744.1
0.009999999999999998 1674483994760.2
0.009999999999999998 1674483995776.5
0.009999999999999998 1674483996792.5
0.009999999999999998 1674483997808.2
0.009999999999999998 1674483998823.6
0.009999999999999998 1674483999839.0
0.009999999999999998 1674484000854.8
0.009999999999999998 1674484001871.0
0.009999999999999998 1674484002887.2
0.009999999999999998 1674484003903.4
0.009999999999999998 1674484004919.1
0.009999999999999998 1674484005934.3
0.009999999999999998 1674484006949.8
0.009999999999999998 1674484007965.4
0.009999999999999998 1674484008981.6
0.009999999999999998 1674484009998.2
0.009999999999999998 1674484011015.6
0.009999999999999998 1674484012032.5
0.009999999999999998 1674484013049.5
0.009999999999999998 1674484014066.4
0.009999999999999998 1674484015083.5
0.009999999999999998 1674484016101.3
0.009999999999999998 1674484017120.0
0.009999999999999998 1674484018139.1
0.009999999999999998 1674484019157.5
0.009999999999999998 1674484020175.4
0.009999999999999998 1674484021192.0
0.009999999999999998 1674484022208.7
0.009999999999999998 1674484023226.5
0.009999999999999998 1674484024244.4
0.009999999999999998 1674484025262.1
0.009999999999999998 1674484026279.9
0.009999999999999998 1674484027297.4
0.009999999999999998 1674484028314.9
0.009999999999999998 1674484029332.6
0.009999999999999998 1674484030350.4
0.009999999999999998 1674484031368.6
0.009999999999999998 1674484032387.6
0.009999999999999998 1674484033405.6
0.009999999999999998 1674484034424.0
0.009999999999999998 1674484035443.0
0.009999999999999998 1674484036461.4
0.009999999999999998 1674484037479.9
0.009999999999999998 1674484038498.0
0.009999999999999998 1674484039516.8
0.009999999999999998 1674484040535.3
0.009999999999999998 1674484041553.5
0.009999999999999998 1674484042570.7
0.009999999999999998 1674484043587.7
