0.06000000000000001 1674485115145.5
0.06000000000000001 1674485116161.8
0.06000000000000001 1674485117177.5
0.06100000000000001 1674485118192.5
0.06200000000000001 1674485119207.4
0.06300000000000001 1674485120222.1
0.06400000000000002 1674485121236.4
0.06500000000000002 1674485122250.3
0.06600000000000002 1674485123263.8
0.06700000000000002 1674485124277.5
0.06800000000000002 1674485125291.1
0.06900000000000002 1674485126305.0
0.07000000000000002 1674485127319.7
0.06900000000000002 1674485128335.2
0.06800000000000002 1674485129351.0
0.06700000000000002 1674485130367.1
0.06600000000000002 1674485131383.3
0.06500000000000002 1674485132399.5
0.06400000000000002 1674485133416.1
0.06300000000000001 1674485134432.5
0.06200000000000001 1674485135449.1
0.06100000000000001 1674485136465.7
0.06000000000000001 1674485137482.4
0.06100000000000001 1674485138498.8
0.06200000000000001 1674485139515.1
0.06300000000000001 1674485140531.3
0.06400000000000002 1674485141547.9
0.06500000000000002 1674485142564.4
0.06600000000000002 1674485143580.9
0.06700000000000002 1674485144597.6
0.06800000000000002 1674485145614.7
0.06900000000000002 1674485146632.0
0.06900000000000002 1674485147648.8
0.06800000000000002 1674485148665.1
0.06700000000000002 1674485149681.6
0.06600000000000002 1674485150698.4
0.06500000000000002 1674485151714.8
0.06400000000000002 1674485152731.3
0.06300000000000001 1674485153747.7
0.06200000000000001 1674485154764.0
0.06100000000000001 1674485155779.7
0.06000000000000001 1674485156795.4
0.065 1674485157811.4
0.06999999999999999 1674485158828.2
0.075 1674485159844.8
0.07999999999999999 1674485160861.1
0.08499999999999999 1674485161877.4
0.089 1674485162893.6
0.093 1674485163910.1
0.09699999999999999 1674485164926.8
0.101 1674485165943.6
0.10500000000000001 1674485166960.1
0.10400000000000001 1674485167976.5
0.10300000000000001 1674485168992.7
0.10200000000000001 1674485170009.2
0.101 1674485171026.0
0.09999999999999999 1674485172044.5
0.09899999999999999 1674485173063.3
0.09799999999999999 1674485174081.9
0.09699999999999999 1674485175100.1
0.09599999999999999 1674485176118.1
0.09499999999999999 1674485177136.2
0.09299999999999999 1674485178154.6
0.09099999999999998 1674485179173.0
0.08899999999999998 1674485180191.1
0.08699999999999998 1674485181209.1
0.08499999999999998 1674485182225.5
0.08299999999999999 1674485183241.5
0.081 1674485184257.4
0.079 1674485185273.5
0.07700000000000003 1674485186290.2
0.07500000000000002 1674485187306.9
0.07400000000000002 1674485188322.8
0.07200000000000002 1674485189338.4
0.07100000000000002 1674485191370.1
0.07000000000000002 1674485192386.2
0.06900000000000002 1674485193402.9
0.06800000000000002 1674485194419.8
0.06700000000000002 1674485195436.7
0.06600000000000002 1674485196453.4
0.06500000000000002 1674485197470.0
0.06400000000000002 1674485198487.0
0.06300000000000001 1674485199504.4
0.06200000000000001 1674485200521.7
0.06100000000000001 1674485201538.4
0.06000000000000001 1674485202554.9
0.06000000000000001 1674485203570.9
0.06000000000000001 1674485204587.1
0.06000000000000001 1674485205603.4
0.06000000000000001 1674485206619.2
0.06000000000000001 1674485207634.8
0.06000000000000001 1674485208650.5
0.06000000000000001 1674485209665.8
0.06000000000000001 1674485210681.3
0.06000000000000001 1674485211696.6
0.06000000000000001 1674485212711.8
0.06000000000000001 1674485213727.0
0.06000000000000001 1674485214741.9
0.06000000000000001 1674485215756.8
0.06000000000000001 1674485216772.1
0.06000000000000001 1674485217787.6
